1.000000000000000000e+00 -5.000000000000000000e+03
2.000000000000000000e+00 -1.000000000000000000e+04
3.000000000000000000e+00 -1.500000000000000000e+04
4.000000000000000000e+00 -2.000000000000000000e+04
5.000000000000000000e+00 -2.500000000000000000e+04
6.000000000000000000e+00 -3.000000000000000000e+04
7.000000000000000000e+00 -3.500000000000000000e+04
8.000000000000000000e+00 -4.000000000000000000e+04
9.000000000000000000e+00 -4.500000000000000000e+04
1.000000000000000000e+01 -5.000000000000000000e+04
1.100000000000000000e+01 -5.500000000000000000e+04
1.200000000000000000e+01 -6.000000000000000000e+04
1.300000000000000000e+01 -6.500000000000000000e+04
1.400000000000000000e+01 -7.000000000000000000e+04
1.500000000000000000e+01 -7.500000000000000000e+04
1.600000000000000000e+01 -8.000000000000000000e+04
1.700000000000000000e+01 -8.500000000000000000e+04
1.800000000000000000e+01 -9.000000000000000000e+04
1.900000000000000000e+01 -9.500000000000000000e+04
2.000000000000000000e+01 -1.000000000000000000e+05
2.100000000000000000e+01 -1.050000000000000000e+05
2.200000000000000000e+01 -1.100000000000000000e+05
2.300000000000000000e+01 -1.150000000000000000e+05
2.400000000000000000e+01 -1.200000000000000000e+05
2.500000000000000000e+01 -1.250000000000000000e+05
2.600000000000000000e+01 -1.300000000000000000e+05
2.700000000000000000e+01 -1.350000000000000000e+05
2.800000000000000000e+01 -1.400000000000000000e+05
2.900000000000000000e+01 -1.450000000000000000e+05
3.000000000000000000e+01 -1.500000000000000000e+05
3.100000000000000000e+01 -1.550000000000000000e+05
3.200000000000000000e+01 -1.600000000000000000e+05
3.300000000000000000e+01 -1.650000000000000000e+05
3.400000000000000000e+01 -1.700000000000000000e+05
3.500000000000000000e+01 -1.750000000000000000e+05
3.600000000000000000e+01 -1.800000000000000000e+05
3.700000000000000000e+01 -8.450000000000000000e+04
3.800000000000000000e+01 -1.900000000000000000e+05
3.900000000000000000e+01 5.000000000000000000e+03
4.000000000000000000e+01 1.005000000000000000e+05
4.100000000000000000e+01 1.950000000000000000e+05
4.200000000000000000e+01 4.900000000000000000e+05
4.300000000000000000e+01 7.855000000000000000e+05
4.400000000000000000e+01 1.082500000000000000e+06
4.500000000000000000e+01 1.276500000000000000e+06
4.600000000000000000e+01 1.571500000000000000e+06
4.700000000000000000e+01 1.468000000000000000e+06
4.800000000000000000e+01 1.765500000000000000e+06
4.900000000000000000e+01 1.860000000000000000e+06
5.000000000000000000e+01 2.158500000000000000e+06
5.100000000000000000e+01 2.262500000000000000e+06
5.200000000000000000e+01 2.672000000000000000e+06
5.300000000000000000e+01 2.779000000000000000e+06
5.400000000000000000e+01 2.778500000000000000e+06
5.500000000000000000e+01 2.786500000000000000e+06
5.600000000000000000e+01 2.685000000000000000e+06
5.700000000000000000e+01 2.787500000000000000e+06
5.800000000000000000e+01 2.804000000000000000e+06
5.900000000000000000e+01 2.803500000000000000e+06
6.000000000000000000e+01 2.803500000000000000e+06
6.100000000000000000e+01 2.808500000000000000e+06
6.200000000000000000e+01 2.810000000000000000e+06
6.300000000000000000e+01 2.810500000000000000e+06
6.400000000000000000e+01 2.810000000000000000e+06
6.500000000000000000e+01 2.814500000000000000e+06
6.600000000000000000e+01 2.813000000000000000e+06
6.700000000000000000e+01 2.806000000000000000e+06
6.800000000000000000e+01 2.818500000000000000e+06
6.900000000000000000e+01 2.809500000000000000e+06
7.000000000000000000e+01 2.807500000000000000e+06
7.100000000000000000e+01 2.814500000000000000e+06
7.200000000000000000e+01 2.818000000000000000e+06
7.300000000000000000e+01 2.821500000000000000e+06
7.400000000000000000e+01 2.821500000000000000e+06
7.500000000000000000e+01 2.825500000000000000e+06
7.600000000000000000e+01 2.826000000000000000e+06
7.700000000000000000e+01 2.820500000000000000e+06
